0.14 -15.07 -0.59 0.0 0.0 0.0 1.0
0.160358940102 -14.9581621081 -2.07375239987 0.023493958437 -0.0504961136745 -0.0602797920202 0.996626571538
0.180717880205 -14.8463242161 -3.55750479973 0.0468294064978 -0.100651537295 -0.120152884908 0.986529046189
0.201076820307 -14.7344863242 -5.0412571996 0.0698489032531 -0.150127879394 -0.179215323473 0.969775550515
0.22143576041 -14.6226484323 -6.52500959946 0.0923971394518 -0.19859133017 -0.237068621891 0.946479117951
0.240601673375 -14.5514947068 -6.67654209818 0.0958979993985 -0.198314652188 -0.242656351019 0.944771278008
0.259767586339 -14.4803409814 -6.8280745969 0.0993944027728 -0.198028758126 -0.248232803421 0.94301953265
0.424861796499 -13.8843827454 -7.51470406603 0.120144519079 -0.172453506157 -0.270936782489 0.939371248572
0.589956006658 -13.2884245095 -8.20133353516 0.140700789235 -0.146600010548 -0.293203620914 0.934207343955
1.04690681121 -11.6428572525 -9.95815694511 0.194189587426 -0.0686426757308 -0.34649400613 0.915161456203
1.50385761576 -9.99728999561 -11.7149803551 0.24532072817 0.0101480504013 -0.395577604646 0.885004585359
1.96502422288 -8.33710019113 -13.4676033792 0.293600449465 0.0902987801832 -0.439420189287 0.844129613044
2.42619083001 -6.67691038665 -15.2202264034 0.338254790484 0.169334500035 -0.477836810548 0.792831322728
2.60393244791 -6.03708450806 -15.8942547151 0.354354441775 0.199349387634 -0.491026362993 0.770445236269
2.7816740658 -5.39725862947 -16.5682830268 0.36980378413 0.228998430551 -0.503314787092 0.746645233791
2.91074387602 -4.28774873573 -16.0779809552 0.410586249678 0.260082338256 -0.487546634623 0.725309856524
3.03981368624 -3.17823884199 -15.5876788837 0.450000127882 0.290299326046 -0.47015336647 0.701556838895
3.19738927829 -1.64361791702 -14.717494821 0.503808628743 0.328084355469 -0.439425963796 0.667414671432
3.35496487033 -0.108996992052 -13.8473107582 0.554376166942 0.363758843139 -0.405871767255 0.628979076052
3.51254046238 1.42562393292 -12.9771266955 0.601377445342 0.397093297784 -0.369706628445 0.586497306024
3.67011605443 2.96024485788 -12.1069426328 0.644510108288 0.427873281389 -0.33116319496 0.540242643348
3.83705654837 4.51339550784 -11.1800333905 0.684436290415 0.456135957883 -0.288935567606 0.489901204389
4.00399704231 6.06654615779 -10.2531241483 0.719769691564 0.481337819835 -0.244769092477 0.436272375552
4.17093753625 7.61969680774 -9.3262149061 0.750273213594 0.503309754891 -0.198960140397 0.379716023007
4.33787803018 9.1728474577 -8.39930566388 0.775742168358 0.521904324515 -0.151816103721 0.320611657517
4.52313725174 10.3935357014 -7.56865251552 0.792669018957 0.534896591425 -0.111407653686 0.270462192491
4.7083964733 11.614223945 -6.73799936716 0.80594711185 0.545426660352 -0.0704863798562 0.219067755117
4.8193448117 11.8921056605 -6.41892888684 0.808853218232 0.548320674028 -0.0577500186921 0.204366937468
4.9302931501 12.1699873761 -6.09985840652 0.811439706503 0.550998018952 -0.0449908376252 0.189585364284
5.80444096373 12.5179666683 -4.31083055456 0.815745183376 0.561201779879 0.00712444011483 0.139862791376
6.67858877736 12.8659459605 -2.5218027026 0.815718245495 0.568425003598 0.0592018800226 0.0893974085393
7.55273659098 13.2139252527 -0.732774850637 0.811359035925 0.572629327637 0.11096489932 0.0384572369331
8.42688440461 13.5619045449 1.05625300132 -0.802690706386 -0.573792422872 -0.162138585113 0.0126871806853
8.42609320547 13.4965404444 1.51696959814 -0.802029712851 -0.574746083674 -0.161956668276 0.0136131042501
8.42530200633 13.4311763439 1.97768619495 -0.801366925328 -0.575698458878 -0.161774389173 0.014538997365
8.2483537438 13.1364340092 3.79322553749 -0.799403865196 -0.579162491118 -0.157232637605 0.0283225504391
8.07140548127 12.8416916745 5.60876488003 -0.797259766495 -0.582495362187 -0.152655278038 0.0420996893911
7.80677428661 12.464942273 7.87135729702 -0.794419007754 -0.586331508859 -0.145916775413 0.0618231064557
7.54214309195 12.0881928715 10.133949714 -0.791215035455 -0.589899580937 -0.139111558687 0.0815182575924
7.27751189729 11.7114434699 12.396542131 -0.787649314475 -0.593197947074 -0.132242739247 0.101176138049
7.01288070263 11.3346940684 14.659134548 -0.783723475085 -0.596225099237 -0.125313457564 0.120787760115
6.63717357678 10.8034633864 16.2911493142 -0.813398390479 -0.529910528758 -0.0849805424626 0.22440186559
6.26146645093 10.2722327044 17.9231640804 -0.828724267076 -0.454247886257 -0.0431484983797 0.324057331469
5.88575932509 9.74100202241 19.5551788467 -0.829430743388 -0.370571925044 -0.000555278119778 0.417996150651
5.51005219924 9.2097713404 21.1871936129 -0.815505356573 -0.280358760177 0.0420477377181 0.504561162541
6.28442324771 8.55510300663 23.3210789041 -0.567196995591 -0.190270251631 -0.250736440652 0.761062439532
7.05879429618 7.90043467286 25.4549641952 -0.193374483968 -0.0580771317926 -0.488035537776 0.849149380015
7.83316534465 7.24576633909 27.5888494864 0.223239569745 0.0869677872003 -0.617338001487 0.749329360435
5.37150894686 9.13709102781 27.7092820557 -0.753344575028 -0.607181365438 -0.0816039219069 0.239047151563
5.14097609652 8.90524206156 28.999414404 -0.749103014608 -0.606976345957 -0.0755718751089 0.254388051304
4.91044324618 8.6733930953 30.2895467523 -0.744644392855 -0.606595448001 -0.0695179304789 0.26965523914
4.67991039583 8.44154412905 31.5796791005 -0.739970001706 -0.606038781941 -0.0634438422178 0.284844291226
4.17348283104 7.59546296287 33.6037762109 -0.720850123279 -0.594782752588 -0.0524734477577 0.351930553197
3.66705526625 6.74938179668 35.6278733212 -0.6980444055 -0.580485489553 -0.0412347469016 0.417217329477
3.16062770145 5.9033006305 37.6519704315 -0.671669458203 -0.563220097372 -0.0297852051954 0.480370796765
2.65420013666 5.05721946431 39.6760675418 0.641860141347 0.543074857175 0.0181833662532 -0.541068039757
2.54988807639 4.85095559621 40.0160338895 0.633968372742 0.537202476671 0.0159889345315 -0.556095275464
2.44557601611 4.64469172811 40.3560002371 0.625869044027 0.53115421704 0.0137892680614 -0.570940446575
2.34126395584 4.43842786001 40.6959665848 0.617564806909 0.524932058469 0.0115850870095 -0.585598692807
2.23695189557 4.23216399191 41.0359329324 0.60905838018 0.518538038084 0.00937711302094 -0.600065215077
1.71271392168 1.65662299393 41.3794496993 0.48780983536 0.415309867193 0.00751036043137 -0.767790904625
1.18847594778 -0.918918004047 41.7229664662 0.340467046537 0.2898656682 0.0052418587104 -0.894445418982
0.664237973892 -3.49445900202 42.0664832331 0.174911770916 0.148915784562 0.00269295604157 -0.973253671707
0.14 -6.07 42.41 0.0 0.0 0.0 1.0