0.14 -15.07 -0.59 0.0 0.0 0.0 1.0
0.124974763662 -15.2456072044 -0.935259324565 0.00639469339422 -0.0179443498537 0.00912162972722 0.999776927157
0.109949527323 -15.4212144088 -1.28051864913 0.0127865338236 -0.0358806939131 0.0182391898787 0.999107808152
0.0949242909851 -15.5968216133 -1.62577797369 0.019172669596 -0.0538010299557 0.0273486126943 0.997992941508
0.0798990546468 -15.7724288177 -1.97103729826 0.0255502515646 -0.0716973629009 0.0364458340443 0.996432824619
0.815637806159 -14.2344753179 -2.71001633347 0.0993792945232 -0.121910323986 0.0394818794291 0.986763806553
1.55137655767 -12.6965218181 -3.44899536867 0.172405871887 -0.171138886448 0.0421991174607 0.969126891263
2.28711530918 -11.1585683183 -4.18797440388 0.244040310364 -0.218985540646 0.0445756070491 0.943664492901
3.0228540607 -9.62061481856 -4.92695343909 0.31370417787 -0.265063935542 0.046592158572 0.910582214641
3.50077065125 -8.59332559793 -5.33631624989 0.356424834521 -0.290307197878 0.045864955198 0.886893158211
3.9786872418 -7.56603637729 -5.74567906069 0.398067670663 -0.31467257792 0.0449990572534 0.860522157253
4.45660383235 -6.53874715666 -6.15504187149 0.438506759318 -0.338086395319 0.043997083194 0.831548957069
4.9345204229 -5.51145793603 -6.56440468229 0.477619813611 -0.360477847228 0.0428620629661 0.80006117195
5.41243701345 -4.4841687154 -6.9737674931 0.515288556565 -0.381779222412 0.041597428845 0.766154020235
5.890353604 -3.45687949477 -7.3831303039 0.551399078766 -0.401926106001 0.040207005055 0.72993003637
6.84618678511 -1.40230105351 -8.2018559255 0.618513713588 -0.438516378933 0.0370659745773 0.650976408973
6.95030251885 -1.17494777511 -8.28215343424 0.625317207059 -0.44179985378 0.0364701593861 0.642231428092
7.05441825259 -0.94759449672 -8.36245094297 0.632036971546 -0.445024172327 0.0358694608982 0.633400453441
7.15853398634 -0.720241218326 -8.44274845171 0.638672107283 -0.448188902841 0.0352639595464 0.624484667471
7.26264972008 -0.492887939932 -8.52304596045 0.645221725836 -0.45129362157 0.0346537364061 0.615485263993
7.583536327 0.225009535808 -8.67663807821 0.664079277039 -0.459034310517 0.0313602368817 0.589323978061
7.90442293392 0.942907011549 -8.83023019597 0.682199178596 -0.466265110797 0.0280319028602 0.562508079586
8.22530954084 1.66080448729 -8.98382231373 0.69956130318 -0.472977990541 0.0246724314068 0.535067355279
8.54619614776 2.37870196303 -9.13741443149 0.716146365196 -0.479165493181 0.0212855541737 0.507032285899
9.00603042834 3.40438317282 -8.94758012163 0.734799541919 -0.490653548526 0.0148682366428 0.468089376139
9.46586470892 4.43006438262 -8.75774581176 0.751955455382 -0.501141824352 0.00842062287031 0.428192664716
9.92569898951 5.45574559241 -8.5679115019 0.767579147863 -0.510608949241 0.00195585082739 0.387423447108
10.3855332701 6.48142680221 -8.37807719204 0.781638783765 -0.519035632519 -0.00451290655222 0.345864796654
10.9667222831 7.74881440564 -6.81670983995 0.78564277837 -0.542018623749 -0.0162897837954 0.297852109692
11.547911296 9.01620200908 -5.25534248786 0.787299144446 -0.563381975089 -0.0280179845125 0.248949392134
12.129100309 10.2835896125 -3.69397513577 0.786602932501 -0.583061849365 -0.0396624629305 0.199302773262
12.710289322 11.5509772159 -2.13260778368 0.783556222931 -0.600999439909 -0.0511884234519 0.149060605256
12.6833143743 11.8751307077 -1.7490596723 0.799687180172 -0.588486787177 -0.0602554878637 0.102727753643
12.6563394266 12.1992841994 -1.36551156092 0.813702389802 -0.574417163738 -0.0691631331831 0.0561231132544
12.6293644789 12.5234376911 -0.981963449544 0.825564771514 -0.558827793863 -0.0778877922831 0.00936998687557
12.6023895312 12.8475911828 -0.598415338165 -0.835242940778 0.541759922646 0.0864063821669 0.0374079298561
12.449067368 12.8813271108 -0.57203495133 -0.84526378798 0.521541430376 0.092026718402 0.0710967526109
12.2957452047 12.9150630387 -0.545654564496 -0.853868201492 0.500448975607 0.0974928427259 0.104666436421
12.1424230415 12.9487989667 -0.519274177662 -0.861041762642 0.478517903592 0.102795595391 0.138060727568
11.9891008782 12.9825348946 -0.492893790828 -0.86677245048 0.455784964884 0.107926090417 0.171223666244
11.7819176732 13.1440778682 -0.782874047156 -0.745129562395 0.626928307582 -0.0446083981757 0.223053633032
11.5747344682 13.3056208418 -1.07285430349 -0.571297686769 0.754161496551 -0.194018507796 0.259260889538
11.3675512632 13.4671638153 -1.36283455981 -0.357452034531 0.828573099941 -0.32983953171 0.277309474028
11.1603680582 13.6287067889 -1.65281481614 -0.11857038759 0.844951317767 -0.442558544806 0.275935260905
10.737277812 12.705322232 -2.43268677371 -0.127239183501 0.821526755897 -0.475921898934 0.287058052739
10.3141875658 11.7819376752 -3.21255873129 -0.135671226988 0.796573589036 -0.508399710887 0.297646719093
9.89109731957 10.8585531184 -3.99243068886 -0.143850828648 0.770138247243 -0.53993154959 0.307681557764
9.46800707335 9.93516856157 -4.77230264643 -0.151762768795 0.74226991844 -0.570458744128 0.317143897047
9.34062025602 10.6715519565 -4.96888042032 -0.157189825927 0.733755376512 -0.583517451109 0.310486377022
9.21323343869 11.4079353515 -5.1654581942 -0.162567084887 0.725008378844 -0.596391298144 0.303730494051
9.08584662136 12.1443187464 -5.36203596809 -0.167892842142 0.71603169651 -0.60907620676 0.296878388417
8.95845980403 12.8807021413 -5.55861374198 -0.17316541048 0.706828173349 -0.621568158344 0.289932230885
8.76336580107 14.1196197708 -5.75906146219 -0.176116536402 0.687521679474 -0.643728312034 0.286200569784
8.56827179811 15.3585374003 -5.95950918241 -0.17891154425 0.667605733687 -0.665317834336 0.282215206886
8.37317779514 16.5974550298 -6.15995690263 -0.181547956397 0.647097990428 -0.686317587269 0.277979675008
8.17808379218 17.8363726593 -6.36040462285 -0.184023435802 0.626016628738 -0.706708955654 0.273497728727
7.94884345947 19.3538879994 -6.5400291781 -0.183870966056 0.597662409581 -0.731528212178 0.271767523454
7.71960312676 20.8714033395 -6.71965373335 -0.183456852689 0.568457732297 -0.755306523005 0.269650600036
7.49036279405 22.3889186796 -6.8992782886 -0.182781684972 0.538444154385 -0.778010052216 0.267149970798
7.26112246133 23.9064340197 -7.07890284385 -0.181846423653 0.50766438439 -0.799606493277 0.264269194073
7.33806207912 24.0811476335 -6.39937308743 -0.149840311129 0.483613807325 -0.806238140346 0.30601573093
7.41500169691 24.2558612473 -5.71984333101 -0.117326303846 0.457923985676 -0.810136983917 0.34672500495
7.11863147202 24.2675417329 -4.35090596644 -0.0627381878875 0.449773651401 -0.808808871557 0.373625202008
6.82226124714 24.2792222184 -2.98196860187 -0.0079134438841 0.439926917164 -0.804430195129 0.399116206293
5.77927133692 23.9648364474 -0.234216020985 0.0901833941776 0.464114905479 -0.787448370234 0.395460964119
4.7362814267 23.6504506764 2.5135365599 0.187332423562 0.483425142865 -0.762190627082 0.38764950963
3.59223858856 23.2460406033 5.26639676302 0.278290045928 0.509667900083 -0.728675402628 0.363077732128
2.44819575042 22.8416305302 8.01925696615 0.366273022128 0.530462810037 -0.687371356671 0.334625011704
1.8486667418 22.5832381094 9.40351719746 0.404347874703 0.545068402852 -0.664298111082 0.313227157265
1.24913773317 22.3248456887 10.7877774288 0.441349887004 0.558227787162 -0.639462309504 0.290998229558
0.921865639301 22.1394620941 11.4877376742 0.454854156445 0.570478857108 -0.62667469667 0.273752432886
0.59459354543 21.9540784995 12.1876979196 0.467997547076 0.582277312236 -0.613389883545 0.256289442525
0.545806759341 21.6991395976 12.6919709538 0.457882911663 0.597356297756 -0.610340356065 0.246968302616
0.497019973251 21.4442006958 13.196243988 0.44757327998 0.612180890183 -0.607030906036 0.23754198757
0.342665362432 20.7762410312 14.5009540073 0.425025210345 0.642643393389 -0.600702323243 0.21335359935
0.188310751612 20.1082813666 15.8056640266 0.401600947569 0.671781081693 -0.593135387425 0.188725380843
-0.177179508667 18.6142801764 18.7112480159 0.350718769901 0.727023677655 -0.575055740382 0.133205900853
-0.542669768947 17.1202789862 21.6168320052 0.296662577997 0.775686689916 -0.551771823529 0.0764809039028
-1.01372785396 15.2132570331 25.3228529795 0.224907424626 0.826703688219 -0.515719302697 0.00335604818251
-1.48478593897 13.3062350801 29.0288739538 0.149913927096 0.865817339785 -0.472241163998 -0.0698171298155
-1.70955371227 12.5081253862 30.5626779321 0.124652114289 0.874543470667 -0.458098283297 -0.0989016236387
-1.93432148557 11.7100156922 32.0964819104 0.0991708846661 0.881730200919 -0.443149042696 -0.127812027521
-2.15908925887 10.9119059983 33.6302858886 0.0735150911396 0.887364880221 -0.427419756348 -0.156497452402
-2.38385703217 10.1137963043 35.1640898669 -0.0477298938941 -0.891437590221 0.410938111469 0.184907405241
-1.75289277413 6.06784722823 36.9755674002 -0.0418506088692 -0.781631863721 0.360319472126 0.507415051177
-1.12192851609 2.02189815215 38.7870449335 -0.0310051091267 -0.579073563954 0.266943417445 0.76971014195
-0.490964258043 -2.02405092392 40.5985224667 -0.0164803790592 -0.307799330688 0.141890444213 0.94066735405
0.14 -6.07 42.41 0.0 0.0 0.0 1.0