0.14 -15.07 -0.59 0.0 0.0 0.0 1.0
0.982414838998 -14.9153286556 -1.73683895669 0.0380566408317 -0.0757521148728 0.0291158186029 0.995974687574
1.824829678 -14.7606573112 -2.88367791337 0.0758069019249 -0.150894377887 0.057997236673 0.983931156576
2.66724451699 -14.6059859668 -4.03051687006 0.112946870089 -0.224821846872 0.0864117407481 0.963966364956
3.50965935599 -14.4513146224 -5.17735582675 0.149177545375 -0.29693935951 0.114130576316 0.936241041762
4.67621462477 -14.2325974222 -6.87743075662 0.201283484361 -0.40029584032 0.144560275187 0.882241761641
5.84276989354 -14.013880222 -8.57750568649 0.249919400779 -0.496751429065 0.172497830111 0.813033092465
5.97277634387 -13.9764139988 -9.09037464934 0.265642505984 -0.52697951782 0.156583328781 0.791964840104
6.1027827942 -13.9389477756 -9.60324361219 0.280872021913 -0.556228428042 0.140377880594 0.769425041043
5.41853726181 -13.9784554981 -9.26108514905 0.278123332767 -0.550072021344 0.0732769176307 0.78402721665
4.73429172942 -14.0179632206 -8.9189266859 0.274050437415 -0.541296601067 0.00582706718536 0.794896466663
3.45809105003 -14.0301678573 -8.05391933776 0.259616230135 -0.513440443461 -0.121842175457 0.808784772575
2.18189037064 -14.042372494 -7.18891198961 0.240644805432 -0.476611075958 -0.247382027187 0.808538244314
0.704024356532 -13.9474388708 -5.62576396362 0.206407057237 -0.410615098654 -0.394004048281 0.795959909429
-0.773841657579 -13.8525052476 -4.06261593763 0.166558355284 -0.333456991715 -0.529915493271 0.76174426086
-1.41846242585 -13.7115517189 -2.84432568928 0.140626078654 -0.283294277137 -0.590082081685 0.742813432443
-2.06308319413 -13.5705981903 -1.62603544094 0.113685910234 -0.231101142747 -0.646019448242 0.718558729769
-2.70770396241 -13.4296446617 -0.407745192587 0.08593093494 -0.177251665902 -0.697326680017 0.68915399055
-3.35232473068 -13.2886911331 0.810545055762 0.0575600775516 -0.122131795254 -0.743636049074 0.654809963713
-3.94978937957 -13.100994246 2.24719342179 0.0266161086635 -0.0620281611421 -0.782936217573 0.618429437525
-4.54725402845 -12.9132973589 3.68384178781 -0.00452583142563 -0.00146316020436 -0.816412889281 0.577449019593
-5.14471867734 -12.7256004718 5.12049015384 -0.0356341082812 0.0591127237511 -0.843817063979 0.532173523163
-5.74218332623 -12.5379035847 6.55713851986 0.0664773378563 -0.119248925968 0.864944908813 -0.482939708375
-5.30305132103 -12.932127279 8.40414954862 0.0544821314437 -0.161147651893 0.874090454402 -0.455004405655
-4.86391931584 -13.3263509734 10.2511605774 0.0423363685449 -0.202601060728 0.88082052938 -0.42581173905
-4.42478731065 -13.7205746678 12.0981716061 0.030073612887 -0.243494599694 0.885116535788 -0.395442379876
-3.98565530546 -14.1147983622 13.9451826349 0.0177277514959 -0.283715263162 0.886966601997 -0.363980251136
-3.54652330027 -14.5090220566 15.7921936637 0.0053329010527 -0.323151904935 0.886365615515 -0.331512295602
-3.10739129508 -14.903245751 17.6392046924 -0.00707668638443 -0.361695545388 0.883315237115 -0.298128235558
-2.66825928989 -15.2974694454 19.4862157212 -0.0194667180331 -0.399239672626 0.877823896243 -0.263920324861
-2.2291272847 -15.6916931398 21.3332267499 0.0318029551517 0.43568053682 -0.869906767728 0.228983094006
-2.02791296867 -15.1678871002 22.8426797418 0.032725524465 0.441361660736 -0.889793504714 0.111339316725
-1.82669865264 -14.6440810605 24.3521327336 0.0331811441691 0.440745142114 -0.896984074533 -0.00789312418301
-1.62548433661 -14.1202750209 25.8615857254 0.0331633131783 0.433839777851 -0.891375877338 -0.127012940731
-1.42427002058 -13.5964689813 27.3710387172 0.0326722859169 0.420744098291 -0.873048934628 -0.244320451931
-1.22305570456 -13.0726629416 28.880491709 0.0317150686896 0.401644961325 -0.842264747443 -0.358141835974
-1.02184138853 -12.548856902 30.3899447008 0.0303053197099 0.376814886175 -0.799462565099 -0.466853013441
-0.619412756473 -11.5012448227 33.4088506845 0.0262148574559 0.31145580719 -0.680409901735 -0.662835143182
-0.429559567355 -10.1434336171 35.6591380133 0.0207576856456 0.246619755573 -0.538768325333 -0.805280389843
-0.239706378236 -8.78562241137 37.9094253422 0.0143750017248 0.170787797458 -0.373104966429 -0.911821019494
-0.0498531891182 -7.42781120568 40.1597126711 0.00735138709475 0.0873410128365 -0.190806170858 -0.977706760612
0.14 -6.07 42.41 0.0 0.0 0.0 1.0