16.18 -5.99 -1.03 0.0 0.0 0.0 1.0
15.8304131995 -5.91305484261 -1.51083213357 0.0331780957639 -0.00344159153303 0.0270462202976 0.999077510195
15.480826399 -5.83610968522 -1.99166426715 0.0662949786175 -0.00687683339985 0.0540425408701 0.996311742754
15.1312395986 -5.75916452783 -2.47249640072 0.0992895485873 -0.0102993876493 0.0809391540567 0.991707800461
14.7816527981 -5.68221937044 -2.9533285343 0.132100931364 -0.0137029397385 0.107686436154 0.985274177498
13.9978841687 -5.49798874648 -3.95303901917 0.197112385256 -0.0177754142493 0.158884740145 0.967257143461
13.2141155394 -5.31375812253 -4.95274950404 0.260706807271 -0.0217201021242 0.208940829043 0.942286542282
12.43034691 -5.12952749858 -5.95245998891 0.322427020032 -0.0255086451833 0.257494851925 0.910541886464
11.6465782807 -4.94529687462 -6.95217047377 0.381829319767 -0.0291138077648 0.304197756153 0.872251386881
10.8628096513 -4.76106625067 -7.95188095864 0.438486666075 -0.0325096725205 0.348713796695 0.827690312171
10.0790410219 -4.57683562671 -8.95159144351 0.491991751895 -0.0356718267348 0.390722949782 0.777179009854
9.29527239259 -4.39260500276 -9.95130192838 0.541959931627 -0.0385775378265 0.429923213543 0.72108060336
8.51150376324 -4.2083743788 -10.9510124132 0.588031986323 -0.0412059167721 0.466032779085 0.659798381555
7.50701871314 -3.94640443725 -12.0594858497 0.631550222122 -0.0372772824536 0.495825458683 0.594904896326
6.50253366304 -3.6844344957 -13.1679592861 0.670642529209 -0.0330874074785 0.522143374031 0.525842294265
5.49804861294 -3.42246455414 -14.2764327225 0.705034947164 -0.0286656546549 0.544802088148 0.453094568794
4.49356356284 -3.16049461259 -15.3849061589 0.734486452574 -0.0240430117998 0.563642807876 0.377171538825
3.42735919067 -2.78668658388 -15.9218180403 0.742196590468 0.0032944616684 0.550989506494 0.381502203601
2.3611548185 -2.41287855518 -16.4587299216 0.749175186468 0.030628687969 0.537793125405 0.385456842877
1.29495044633 -2.03907052647 -16.9956418029 0.755415362159 0.0579327252756 0.524066671547 0.389031558783
0.228746074162 -1.66526249777 -17.5325536843 0.760910966948 0.0851796615174 0.509823674322 0.392222827921
-1.90366267018 -0.917646440355 -18.6063774469 0.769647536191 0.1393948904 0.479844699182 0.397442825112
-2.96986704235 -0.543838411649 -19.1432893283 0.772879889494 0.166309746106 0.464138269875 0.399466408103
-4.03607141452 -0.170030382943 -19.6802012096 0.775350458082 0.193060679546 0.447974365294 0.401096259276
-4.1259746938 0.870090207903 -19.0543410099 0.768765175388 0.185757566679 0.483166273657 0.375559028026
-4.21587797307 1.91021079875 -18.4284808101 0.760652108749 0.178085293714 0.517397975054 0.349275440058
-4.30578125235 2.95033138959 -17.8026206104 0.75102738144 0.170059107926 0.550601440074 0.322297729324
-4.39568453162 3.99045198044 -17.1767604107 -0.739910120893 -0.161694959932 -0.582710682738 -0.294679509222
-4.2963782946 4.34801602493 -16.8656585276 -0.734575377447 -0.154895484219 -0.59671137515 -0.283446535671
-4.19707205757 4.70558006942 -16.5545566445 -0.728949087321 -0.148034531813 -0.610475237924 -0.272101064617
-4.09776582054 5.06314411391 -16.2434547614 -0.723033483542 -0.141114825769 -0.623996808302 -0.260647598979
-3.99845958351 5.4207081584 -15.9323528783 0.716830913963 0.134139112459 0.637270719688 0.24909068454
-4.93805870466 5.87498910833 -14.8413426544 0.763952975675 0.110417836454 0.614109487321 0.16447884342
-5.87765782581 6.32927005826 -13.7503324304 0.803069731546 0.0855395146887 0.584513128156 0.0781434623861
-6.81725694696 6.78355100819 -12.6593222064 0.833771285151 0.0597648419724 0.548791776344 -0.00901076789077
-7.75685606811 7.23783195813 -11.5683119825 -0.855735921234 -0.0333639057899 -0.507319748572 0.0960705761873
-8.61517863265 6.14598708165 -11.8340598982 -0.844727010082 -0.126952686565 -0.514731936102 0.0732825202127
-9.47350119719 5.05414220517 -12.0998078139 -0.825731803089 -0.219341219568 -0.517277697592 0.0498016298912
-10.3318237617 3.96229732869 -12.3655557297 -0.798929886491 -0.309656036626 -0.514932964667 0.0258499004171
-11.1901463263 2.87045245221 -12.6313036454 -0.764574653434 -0.397043275084 -0.507719905118 0.00165377843545
-12.0484688908 1.77860757573 -12.8970515611 -0.722990908324 -0.480676750472 -0.495706713316 -0.0225579788504
-12.9067914553 0.686762699246 -13.1627994769 -0.674571796031 -0.559765767488 -0.479006965485 -0.0465564664167
-13.7651140199 -0.405082177234 -13.4285473926 -0.619775084983 -0.633562595469 -0.457778545917 -0.0701147955535
-14.6234365844 -1.49692705371 -13.6942953083 0.559118839287 0.701369537652 0.432222154291 0.0930102389374
-15.0778413041 -3.03474297126 -12.8892615056 0.572553926773 0.711257218762 0.393688980301 0.106321006794
-15.5322460239 -4.5725588888 -12.0842277029 0.584878116586 0.719764883158 0.354391951325 0.119425485333
-15.9866507436 -6.11037480635 -11.2791939002 0.59606749672 0.726876023846 0.314407313418 0.132298248591
-16.4410554633 -7.64819072389 -10.4741600975 0.606100356982 0.732576843437 0.273812646767 0.144914320193
-17.7719016621 -7.66188533718 -9.7898593132 0.523055344115 0.815211617767 0.185880937578 0.165201096532
-19.1027478608 -7.67557995046 -9.10555852889 0.428571885587 0.880018921455 0.0938842875991 0.181875169575
-20.1979994688 -6.66973087011 -7.74585937063 0.421648806988 0.890934677327 0.020269868249 0.167441980232
-21.2932510767 -5.66388178976 -6.38616021236 0.412282491783 0.89668792786 -0.0534620044967 0.152038551276
-21.6052822898 -4.14141355595 -5.03091225926 0.500071277184 0.855472439851 -0.0682688348839 0.115909398126
-21.9173135029 -2.61894532214 -3.67566430616 0.582394210901 0.804906513837 -0.0823294769913 0.0785133384216
-22.229344716 -1.09647708832 -2.32041635306 0.658351491314 0.745542842731 -0.0954902459587 0.040259116526
-22.5413759292 0.425991145489 -0.965168399958 -0.727112894316 -0.678030280082 0.10760729267 -0.00156485664009
-22.6708652076 1.78081786591 0.163463026764 -0.789930611634 -0.60302844397 0.105781899052 0.0343003556778
-22.8003544861 3.13564458633 1.29209445349 -0.844168903208 -0.521477124041 0.102807609651 0.0697930322942
-22.9298437645 4.49047130675 2.42072588021 -0.889238687681 -0.434262048084 0.0987167281857 0.104527687726
-23.059333043 5.84529802717 3.54935730693 -0.924650462732 -0.342330457865 0.0935536856633 0.138127069347
-23.1888223215 7.20012474759 4.67798873365 -0.950019621547 -0.24668082115 0.0873745578197 0.170226254727
-23.3183115999 8.55495146801 5.80662016037 0.965070630034 0.148351987354 -0.0802464560791 -0.200476615045
-24.6154028924 9.20604288601 5.81583797604 0.989988435353 0.103224545582 0.0898645551852 0.0345246691225
-25.9124941848 9.857134304 5.8250557917 0.928954709414 0.0491350720932 0.252173459023 0.266528495874
-27.2095854772 10.508225722 5.83427360736 0.787268445635 -0.00922034484882 0.392588475849 0.475392120653
-27.1206708385 11.9610787112 6.50724411236 0.914323360938 0.0225526228082 0.266347835842 0.304241682202
-27.0317561998 13.4139317005 7.18021461736 0.984341281155 0.052918720761 0.123491979761 0.114112147215
-26.9428415611 14.8667846897 7.85318512236 0.99295437326 0.0799836618748 -0.0270675091318 -0.0831358912008
-26.8539269224 16.319637679 8.52615562736 0.939625338402 0.102059090608 -0.175938482285 -0.275197775986
-26.5493576789 18.0236674152 8.90905692379 0.9339584621 0.106297279516 -0.191520108948 -0.282387193951
-26.2447884354 19.7276971514 9.29195822022 0.927969789894 0.110498843638 -0.207035747252 -0.289479315253
-25.9402191919 21.4317268876 9.67485951665 0.921661385183 0.114662335323 -0.222480051275 -0.296471696296
-25.6356499484 23.1357566239 10.0577608131 0.915035421534 0.118786320036 -0.237847699673 -0.303361927853
-23.8479730205 23.9555873593 9.9170515836 0.914896096908 0.142972137155 -0.237433015816 -0.29351262811
-22.0602960927 24.7754180947 9.77634235413 0.914132672407 0.167060425283 -0.236856366118 -0.283463107603
-20.2726191648 25.5952488301 9.63563312466 0.912745668802 0.191034752503 -0.236118143944 -0.273220221652
-18.484942237 26.4150795656 9.49492389519 0.910736032245 0.214878764634 -0.235218852873 -0.262790957481
-16.6972653091 27.234910301 9.35421466572 0.908105133616 0.238576196393 -0.234159106361 -0.252182429451
-14.9095883813 28.0547410364 9.21350543624 0.904854767592 0.262110882486 -0.232939627318 -0.241401874212
-13.3928102174 28.4220078012 9.00872333346 0.902934958661 0.281892394092 -0.228489440418 -0.230299184103
-11.8760320535 28.7892745659 8.80394123067 0.90052930954 0.30152222849 -0.223916310716 -0.219072577429
-10.3592538897 29.1565413307 8.59915912788 0.897639114632 0.320989823497 -0.219222698868 -0.207728094863
-8.84247572581 29.5238080954 8.39437702509 0.894265929057 0.34028470423 -0.214411130353 -0.196271840507
-7.32569756195 29.8910748602 8.1895949223 0.890411567818 0.359396488734 -0.209484194121 -0.184709978602
-5.80891939809 30.2583416249 7.98481281951 0.886078104822 0.378314893575 -0.204444541199 -0.173048730213
-4.29214123423 30.6256083897 7.78003071672 0.881267871766 0.397029739369 -0.199294883261 -0.161294369881
-2.77536307036 30.9928751544 7.57524861393 0.875983456881 0.415530956262 -0.194037991171 -0.149453222249
-1.41467101902 31.2112671697 7.36264882625 0.871244631088 0.431846037806 -0.188053559366 -0.138121870969
-0.053978967667 31.429659185 7.15004903857 0.86611126103 0.447965557311 -0.181983967262 -0.12672797102
1.30671308368 31.6480512002 6.93744925088 0.86058567136 0.46388221503 -0.175831963482 -0.115276682145
2.66740513503 31.8664432155 6.7248494632 0.854670364349 0.479588803084 -0.169600333967 -0.103773190074
4.78136231534 30.6466115729 6.30807094146 0.853849734796 0.492354332619 -0.162973808394 -0.0443551498442
6.89531949565 29.4267799303 5.89129241971 0.849837375211 0.503279418752 -0.155738079142 0.0152286919992
8.31026345841 28.2598532768 5.62667066962 0.846579014188 0.505211375615 -0.15317325329 0.0678483099433
9.72520742118 27.0929266234 5.36204891952 0.840958907754 0.505733918083 -0.150181112064 0.120278647936
11.1401513839 25.9259999699 5.09742716942 0.83299273461 0.504845588394 -0.146770002795 0.172373438342
12.5550953467 24.7590733164 4.83280541933 0.822702718404 0.502548864766 -0.142949441633 0.223987349621
13.9700393095 23.5921466629 4.56818366923 0.810117565728 0.498850154488 -0.138730086994 0.274976391767
15.3849832722 22.4252200094 4.30356191913 0.795272386035 0.493759776045 -0.134123709832 0.325198318002
16.7125505828 21.2649064796 4.05795976549 0.778946574681 0.486535867181 -0.129851139376 0.373716156116
18.0401178934 20.1045929498 3.81235761185 0.760524655134 0.478002713433 -0.125229145677 0.421228341824
19.3676852039 18.9442794199 3.56675545821 0.740056199904 0.468183277113 -0.120270166303 0.467607022095
20.6952525145 17.7839658901 3.32115330456 0.717596288631 0.457103981857 -0.11498754563 0.512727394103
22.0228198251 16.6236523603 3.07555115092 0.693205359867 0.444794641521 -0.109395498939 0.556468041075
23.3503871356 15.4633388304 2.82994899728 0.666949048442 0.431288379955 -0.103509074163 0.598711259009
24.6779544462 14.3030253006 2.58434684364 0.638898008841 0.416621541867 -0.0973441113897 0.639343373415
26.0055217568 13.1427117708 2.33874469 0.609127725079 0.40083359502 -0.0909172002417 0.678255045203
27.192676647 11.9469172851 2.12819814687 0.579325626079 0.381222465876 -0.0864689978518 0.715244267988
28.3798315372 10.7511227994 1.91765160375 0.547982086072 0.360596998829 -0.0817907230242 0.75033040416
29.5669864274 9.55532831374 1.70710506062 0.515180502402 0.339012073101 -0.0768948234813 0.78342009826
30.7541413176 8.35953382807 1.4965585175 0.481008151903 0.316525120796 -0.0717943259909 0.814425306866
31.9412962078 7.16373934239 1.28601197437 0.445555958676 0.293195974088 -0.0665028017047 0.843263532849
33.128451098 5.96794485672 1.07546543125 0.408918252165 0.269086706016 -0.0610343300491 0.869858044883
34.3156059882 4.77215037105 0.864918888124 0.37119251617 0.24426146533 -0.0554034612634 0.894138081604
35.5027608784 3.57635588538 0.654372344999 0.332479129466 0.218786305804 -0.0496251776849 0.916039039889
36.6899157686 2.38056139971 0.443825801874 0.29288109872 0.192729010485 -0.0437148538853 0.935502646752
37.8770706588 1.18476691403 0.233279258749 0.252503784415 0.166158911335 -0.037688215762 0.952477114388
39.064225549 -0.011027571639 0.0227327156245 0.211454620514 0.139146704763 -0.0315612986962 0.966917277972
40.2513804392 -1.20682205731 -0.1878138275 0.169842828606 0.111764263513 -0.0253504048859 0.978784715831
41.8342536261 -2.80121470487 -0.468542551667 0.113676784646 0.0748044660976 -0.0169671721823 0.99055236891
43.4171268131 -4.39560735244 -0.749271275833 0.0569731168621 0.0374908878895 -0.00850369480962 0.997635296316
45.0 -5.99 -1.03 0.0 0.0 0.0 1.0